id	HelpText
1	jp
